 2016 1
 2017 1
 2018 1
 2019 1
 2020 1
 2021 1
 2022 1
 2023 1
 2024 1
 2025 1
 2026 1
 2027 1
 2028 1
 2029 1
 2030 1
 2031 1
 2032 1
 2033 1
 2034 1
 2035 1
 2036 1
 2037 1
 2038 1
 2039 1
 2040 1
 2041 1
 2042 1
 2043 1
 2044 1
 2045 1
 2046 1
 2047 1
 2048 1
 2049 1
 2050 1
 2051 1
 2052 1
 2053 1
 2054 1
 2055 1
 2056 1
 2057 1
 2058 1
 2059 1
 2060 1
 2061 1
 2062 1
 2063 1
 2064 1
 2065 1
 2066 1
 2067 1
 2068 1
 2069 1
 2070 1
 2071 1
 2072 1
 2073 1
 2074 1
 2075 1
 2076 1
 2077 1
 2078 1
 2079 1
 2080 1
 2081 1
 2082 1
 2083 1
 2084 1
 2085 1
 2086 1
 2087 1
 2088 1
 2089 1
 2090 1
 2091 1
 2092 1
 2093 1
 2094 1
 2095 1
 2192 1
 2193 1
 2194 1
 2195 1
 2196 1
 2197 1
 2198 1
 2199 1
 2200 1
 2201 1
 2202 1
 2203 1
 2204 1
 2205 1
 2206 1
 2207 1
 2208 1
 2209 1
 2210 1
 2211 1
 2212 1
 2213 1
 2214 1
 2215 1
 2216 1
 2217 1
 2218 1
 2219 1
 2220 1
 2221 1
 2222 1
 2223 1
 2224 1
 2225 1
 2226 1
 2227 1
 2228 1
 2229 1
 2230 1
 2231 1
 2232 1
 2233 1
 2234 1
 2235 1
 2236 1
 2237 1
 2238 1
 2239 1
 2240 1
 2241 1
 2242 1
 2243 1
 2244 1
 2245 1
 2246 1
 2247 1
 2248 1
 2249 1
 2250 1
 2251 1
 2252 1
 2253 1
 2254 1
 2255 1
 2256 1
 2257 1
 2258 1
 2259 1
 2260 1
 2261 1
 2262 1
 2263 1
 2264 1
 2265 1
 2266 1
 2267 1
 2268 1
 2269 1
 2270 1
 2271 1
 2272 1
 2273 1
 2274 1
 2275 1
 2276 1
 2277 1
 2278 1
 2279 1
 2280 1
 2281 1
 2282 1
 2283 1
 2284 1
 2285 1
 2286 1
 2287 1
 2288 1
 2289 1
 2290 1
 2291 1
 2292 1
 2293 1
 2294 1
 2295 1
 2296 1
 2297 1
 2298 1
 2299 1
 2300 1
 2301 1
 2302 1
 2303 1
 2352 1
 2353 1
 2354 1
 2355 1
 2356 1
 2357 1
 2358 1
 2359 1
 2360 1
 2361 1
 2362 1
 2363 1
 2364 1
 2365 1
 2366 1
 2367 1
 2368 1
 2369 1
 2370 1
 2371 1
 2372 1
 2373 1
 2374 1
 2375 1
 2376 1
 2377 1
 2378 1
 2379 1
 2380 1
 2381 1
 2382 1
 2383 1
