1100 	 105.02 	 0.173733 
1101 	 111.803 	 0.170219 
1102 	 117.253 	 0.160905 
1103 	 86.1005 	 0.183602 
1104 	 99.4378 	 0.188293 
1105 	 96.5266 	 0.173778 
1106 	 104.084 	 0.1775 
1107 	 106.123 	 0.170011 
1108 	 91.6241 	 0.167283 
1109 	 100.505 	 0.166377 
1110 	 90.8057 	 0.161257 
1111 	 102.314 	 0.157681 
1112 	 104.229 	 0.15429 
1113 	 96.8473 	 0.165547 
1114 	 105.138 	 0.152594 
1115 	 105.57 	 0.147759 
1116 	 86.1291 	 0.146239 
1117 	 94.3502 	 0.161051 
1118 	 92.8657 	 0.145689 
1119 	 85.4932 	 0.156588 
1120 	 68.6431 	 0.170477 
1121 	 93.5817 	 0.166294 
1122 	 76.737 	 0.172984 
1123 	 80.9511 	 0.170811 
1124 	 102.997 	 0.188215 
1125 	 81.9201 	 0.18663 
1126 	 92.4758 	 0.180573 
1127 	 87.0205 	 0.181887 
1128 	 80.5108 	 0.196606 
1129 	 60.3 	 0.184671 
1130 	 80.9879 	 0.192713 
1131 	 88.8591 	 0.18042 
1200 	 139.336 	 0.28752 
1201 	 144.953 	 0.198978 
1202 	 161.589 	 0.179144 
1203 	 152.304 	 0.203976 
1204 	 145.529 	 0.196979 
1205 	 151.017 	 0.185258 
1206 	 149.51 	 0.207978 
1207 	 163.677 	 0.194832 
1208 	 163.791 	 0.197133 
1209 	 164.046 	 0.181579 
1210 	 153.468 	 0.182367 
1211 	 132.015 	 0.197379 
1212 	 153.293 	 0.181713 
1213 	 149.895 	 0.181145 
1214 	 160.081 	 0.203766 
1215 	 145.011 	 0.199573 
1216 	 142.027 	 0.186623 
1217 	 137.965 	 0.155809 
1218 	 155.656 	 0.202156 
1219 	 157.815 	 0.17105 
1220 	 133.043 	 0.17917 
1221 	 152.303 	 0.167749 
1222 	 132.657 	 0.176201 
1223 	 137.739 	 0.199577 
1224 	 149.039 	 0.18966 
1225 	 147.806 	 0.17355 
1226 	 132.883 	 0.177517 
1227 	 155.202 	 0.188049 
1228 	 125.924 	 0.206156 
1229 	 124.656 	 0.18865 
1230 	 148.931 	 0.193583 
1231 	 129.16 	 0.191121 
1400 	 175.254 	 0.380312 
1401 	 190.285 	 0.341407 
1402 	 183.931 	 0.424985 
1403 	 185.127 	 0.371998 
1404 	 192.94 	 0.414094 
1405 	 181.82 	 0.310058 
1406 	 185.895 	 0.287082 
1407 	 192.614 	 0.422204 
1408 	 187.355 	 0.31854 
1409 	 189.295 	 0.428407 
1410 	 193.225 	 0.377063 
1411 	 193.498 	 0.415239 
1412 	 182.793 	 0.370565 
1413 	 181.334 	 0.379204 
1414 	 180.603 	 0.376995 
1415 	 187.172 	 0.30594 
1416 	 193.832 	 0.395898 
1417 	 180.899 	 0.436778 
1418 	 175.834 	 0.438987 
1419 	 173.59 	 0.443866 
1420 	 189.723 	 0.385576 
1421 	 197.324 	 0.339393 
1422 	 178.552 	 0.46245 
1423 	 176.003 	 0.413792 
1424 	 179.581 	 0.416341 
1425 	 177.041 	 0.280851 
1426 	 186.717 	 0.410117 
1427 	 172.119 	 0.409171 
1428 	 180.062 	 0.325905 
1429 	 178.614 	 0.38531 
1430 	 174.612 	 0.323523 
1431 	 179.189 	 0.428493 
1500 	 115.377 	 0.590349 
1501 	 140.2 	 0.439335 
1502 	 133.801 	 0.521228 
1503 	 141.016 	 0.441708 
1504 	 131.828 	 0.432091 
1505 	 141.841 	 0.517817 
1506 	 136.681 	 0.658139 
1507 	 129.473 	 0.605146 
1508 	 131.553 	 0.614318 
1509 	 134.908 	 0.457124 
1510 	 134.339 	 0.425963 
1511 	 130.24 	 0.577436 
1512 	 127.258 	 0.549805 
1513 	 134.708 	 0.572517 
1514 	 145.406 	 0.672637 
1515 	 140.33 	 0.637553 
1516 	 129.666 	 0.561929 
1517 	 140.598 	 0.598882 
1518 	 126.628 	 0.563691 
1519 	 141.053 	 0.659025 
1520 	 121.574 	 0.626698 
1521 	 130.761 	 0.461886 
1522 	 120.909 	 0.414784 
1523 	 141.338 	 0.497996 
1524 	 122.558 	 0.518723 
1525 	 134.555 	 0.411857 
1526 	 126.806 	 0.472887 
1527 	 147.077 	 0.464012 
1528 	 126.792 	 0.480238 
1529 	 117.584 	 0.397222 
1530 	 109.13 	 0.612896 
1531 	 130.384 	 0.489767 
1600 	 150.511 	 0.202765 
1601 	 164.789 	 0.166929 
1602 	 171.858 	 0.171715 
1603 	 173.992 	 0.172892 
1604 	 169.675 	 0.180373 
1605 	 179.464 	 0.16876 
1606 	 184.897 	 0.169075 
1607 	 165.818 	 0.181287 
1608 	 190.966 	 0.17393 
1609 	 168.493 	 0.173914 
1610 	 164.983 	 0.181533 
1611 	 178.644 	 0.171533 
1612 	 171.1 	 0.15865 
1613 	 179.39 	 0.158082 
1614 	 177.862 	 0.167254 
1615 	 175.398 	 0.163173 
1616 	 161.726 	 0.16926 
1617 	 161.355 	 0.170417 
1618 	 168.49 	 0.173615 
1619 	 147.326 	 0.190821 
1620 	 166.675 	 0.175238 
1621 	 172.609 	 0.170127 
1622 	 147.169 	 0.179412 
1623 	 145.284 	 0.194721 
1624 	 178.246 	 0.19786 
1625 	 165.972 	 0.196388 
1626 	 164.487 	 0.191945 
1627 	 165.212 	 0.192205 
1628 	 159.872 	 0.198247 
1629 	 164.948 	 0.212932 
1630 	 159.923 	 0.221869 
1631 	 165.717 	 0.205637 
1700 	 85.8552 	 0.113252 
1701 	 81.9921 	 0.108812 
1702 	 89.5485 	 0.108269 
1703 	 96.4468 	 0.111363 
1704 	 75.6976 	 0.109654 
1705 	 84.0056 	 0.11031 
1706 	 76.2404 	 0.111807 
1707 	 88.737 	 0.113521 
1708 	 88.9178 	 0.103724 
1709 	 87.093 	 0.11186 
1710 	 85.1766 	 0.1071 
1711 	 94.1258 	 0.0987013 
1712 	 87.9225 	 0.0962647 
1713 	 77.5785 	 0.0960267 
1714 	 77.7022 	 0.098778 
1715 	 72.4216 	 0.099651 
1716 	 71.2372 	 0.0939102 
1717 	 76.7958 	 0.0985223 
1718 	 80.893 	 0.0973352 
1719 	 87.3463 	 0.1018 
1720 	 80.6313 	 0.100765 
1721 	 75.5732 	 0.101889 
1722 	 84.4722 	 0.103757 
1723 	 94.2825 	 0.109442 
1724 	 82.7393 	 0.106608 
1725 	 71.6841 	 0.113152 
1726 	 69.357 	 0.11128 
1727 	 74.4904 	 0.105908 
1728 	 77.3392 	 0.107355 
1729 	 89.5182 	 0.116572 
1730 	 76.2502 	 0.107976 
1731 	 89.7362 	 0.105451 
1800 	 108.54 	 0.153335 
1801 	 131.299 	 0.142489 
1802 	 138.585 	 0.148187 
1803 	 127.55 	 0.155001 
1804 	 145.048 	 0.15787 
1805 	 131.42 	 0.158462 
1806 	 115.742 	 0.159761 
1807 	 105.87 	 0.145913 
1808 	 120.525 	 0.146185 
1809 	 129.487 	 0.140743 
1810 	 124.849 	 0.131872 
1811 	 126.71 	 0.132546 
1812 	 117.197 	 0.132685 
1813 	 127.125 	 0.124437 
1814 	 117.751 	 0.122158 
1815 	 135.067 	 0.133036 
1816 	 115.438 	 0.126925 
1817 	 124.026 	 0.122803 
1818 	 129.893 	 0.12993 
1819 	 113.874 	 0.128832 
1820 	 134.874 	 0.132762 
1821 	 109.251 	 0.129116 
1822 	 111.392 	 0.132758 
1823 	 107.001 	 0.141422 
1824 	 112.562 	 0.151669 
1825 	 110.275 	 0.14023 
1826 	 109.707 	 0.144809 
1827 	 110.825 	 0.148246 
1828 	 111.835 	 0.147888 
1829 	 111.377 	 0.142749 
1830 	 112.565 	 0.160843 
1831 	 123.739 	 0.152695 
1900 	 187.407 	 0.134791 
1901 	 217.324 	 0.128859 
1902 	 214.498 	 0.131309 
1903 	 231.909 	 0.140328 
1904 	 206.812 	 0.134928 
1905 	 217.671 	 0.132462 
1906 	 203.566 	 0.149508 
1907 	 214.124 	 0.134444 
1908 	 183.239 	 0.132257 
1909 	 210.75 	 0.121819 
1910 	 208.099 	 0.122229 
1911 	 195.437 	 0.117715 
1912 	 201.551 	 0.115921 
1913 	 197.128 	 0.108705 
1914 	 204.417 	 0.11554 
1915 	 191.893 	 0.109579 
1916 	 213.118 	 0.110528 
1917 	 204.644 	 0.113857 
1918 	 204.658 	 0.116603 
1919 	 189.611 	 0.110689 
1920 	 212.047 	 0.126331 
1921 	 192.099 	 0.115428 
1922 	 200.926 	 0.125885 
1923 	 194.977 	 0.12535 
1924 	 214.369 	 0.127319 
1925 	 196.674 	 0.136294 
1926 	 208.385 	 0.137149 
1927 	 174.444 	 0.131182 
1928 	 187.349 	 0.13184 
1929 	 184.332 	 0.142078 
1930 	 195.869 	 0.133246 
1931 	 202.876 	 0.145168 
2000 	 122.899 	 0.252447 
2001 	 108.716 	 0.221673 
2002 	 127.398 	 0.234282 
2003 	 136.355 	 0.250113 
2004 	 130.873 	 0.233475 
2005 	 122.854 	 0.239143 
2006 	 153.589 	 0.239556 
2007 	 121.048 	 0.251101 
2008 	 147.683 	 0.247918 
2009 	 128.044 	 0.236341 
2010 	 127.77 	 0.221439 
2011 	 135.829 	 0.223132 
2012 	 112.575 	 0.216556 
2013 	 118.548 	 0.215752 
2014 	 130.455 	 0.23083 
2015 	 124.684 	 0.226381 
2016 	 131.021 	 0.230902 
2017 	 121.866 	 0.227751 
2018 	 121.861 	 0.264238 
2019 	 122.684 	 0.234286 
2020 	 122.153 	 0.284769 
2021 	 117.22 	 0.218559 
2022 	 125.888 	 0.246748 
2023 	 116.638 	 0.260387 
2024 	 132.06 	 0.268382 
2025 	 120.611 	 0.259962 
2026 	 106.416 	 0.255424 
2027 	 120.712 	 0.314288 
2028 	 116.057 	 0.381607 
2029 	 114.533 	 0.288319 
2030 	 128.856 	 0.247651 
2031 	 107.384 	 0.283665 
2100 	 177.34 	 0.239707 
2101 	 201.328 	 0.236962 
2102 	 204 	 0.222057 
2103 	 191.456 	 0.227615 
2104 	 205.367 	 0.226944 
2105 	 200.083 	 0.247282 
2106 	 210.292 	 0.233401 
2107 	 205.681 	 0.23205 
2108 	 191.518 	 0.271238 
2109 	 201.38 	 0.211585 
2110 	 200.676 	 0.224327 
2111 	 204.718 	 0.212416 
2112 	 209.726 	 0.200485 
2113 	 204.139 	 0.239882 
2114 	 199.652 	 0.194509 
2115 	 180.163 	 0.206277 
2116 	 188.947 	 0.206744 
2117 	 193.934 	 0.224075 
2118 	 177.047 	 0.214155 
2119 	 194.971 	 0.269281 
2120 	 186.57 	 0.21767 
2121 	 198.706 	 0.276042 
2122 	 178.647 	 0.234215 
2123 	 197.773 	 0.258738 
2124 	 201.623 	 0.235355 
2125 	 193.259 	 0.244821 
2126 	 185.586 	 0.248557 
2127 	 182.549 	 0.277232 
2128 	 210.093 	 0.2663 
2129 	 201.735 	 0.257385 
2130 	 197.266 	 0.255313 
2131 	 217.57 	 0.240037 
2200 	 104.743 	 0.133153 
2201 	 143.173 	 0.125805 
2202 	 145.489 	 0.124939 
2203 	 146.498 	 0.127732 
2204 	 133.258 	 0.130199 
2205 	 137.686 	 0.138954 
2206 	 146.306 	 0.129639 
2207 	 137.113 	 0.122759 
2208 	 136.985 	 0.127787 
2209 	 127.187 	 0.129282 
2210 	 140.883 	 0.120055 
2211 	 139.47 	 0.117506 
2212 	 126.122 	 0.11675 
2213 	 115.972 	 0.122163 
2214 	 130.194 	 0.1108 
2215 	 125.42 	 0.111253 
2216 	 123.994 	 0.115972 
2217 	 151.362 	 0.114623 
2218 	 145.207 	 0.115577 
2219 	 144.774 	 0.10981 
2220 	 125.134 	 0.123415 
2221 	 114.141 	 0.121246 
2222 	 126.437 	 0.121048 
2223 	 134.24 	 0.125805 
2224 	 128.002 	 0.141395 
2225 	 141.26 	 0.127039 
2226 	 123.498 	 0.127529 
2227 	 128.003 	 0.130258 
2228 	 132.946 	 0.127298 
2229 	 123.226 	 0.130728 
2230 	 113.681 	 0.122473 
2231 	 118.714 	 0.133539 
2300 	 222.142 	 0.110078 
2301 	 224.625 	 0.0993055 
2302 	 239.286 	 0.103177 
2303 	 238.284 	 0.10687 
2304 	 238.748 	 0.106381 
2305 	 242.877 	 0.105395 
2306 	 229.535 	 0.111344 
2307 	 230.749 	 0.104318 
2308 	 235.69 	 0.102786 
2309 	 235.288 	 0.0965214 
2310 	 230.041 	 0.096561 
2311 	 216.827 	 0.0944172 
2312 	 227.38 	 0.0951989 
2313 	 249.787 	 0.093217 
2314 	 230.368 	 0.0929059 
2315 	 227.781 	 0.0910321 
2316 	 223.624 	 0.0963457 
2317 	 227.184 	 0.0902233 
2318 	 238.784 	 0.0942066 
2319 	 223.134 	 0.0924143 
2320 	 227.967 	 0.0976326 
2321 	 216.497 	 0.0969193 
2322 	 228.317 	 0.10282 
2323 	 208.205 	 0.1029 
2324 	 210.052 	 0.103417 
2325 	 222.465 	 0.104841 
2326 	 232.121 	 0.110869 
2327 	 222.589 	 0.104674 
2328 	 207.834 	 0.109763 
2329 	 238.421 	 0.106692 
2330 	 243.522 	 0.109012 
2331 	 238.113 	 0.110321 
2400 	 151.241 	 0.119638 
2401 	 170.46 	 0.110399 
2402 	 170.874 	 0.100992 
2403 	 184.472 	 0.119607 
2404 	 167.478 	 0.118684 
2405 	 182.412 	 0.112829 
2406 	 164.387 	 0.113583 
2407 	 159.472 	 0.11426 
2408 	 177.804 	 0.112391 
2409 	 191.893 	 0.106715 
2410 	 164.46 	 0.0982899 
2411 	 164.441 	 0.102411 
2412 	 171.686 	 0.0919967 
2413 	 161.72 	 0.0957722 
2414 	 173.433 	 0.0872759 
2415 	 180.061 	 0.0899501 
2416 	 160.733 	 0.100709 
2417 	 149.032 	 0.0933994 
2418 	 171.755 	 0.087775 
2419 	 158.744 	 0.0968772 
2420 	 180.297 	 0.0955045 
2421 	 162.854 	 0.104908 
2422 	 159.463 	 0.107751 
2423 	 176.596 	 0.10712 
2424 	 164.158 	 0.107767 
2425 	 163.98 	 0.114022 
2426 	 151.387 	 0.109038 
2427 	 157.412 	 0.117952 
2428 	 172.105 	 0.106143 
2429 	 170.492 	 0.109665 
2430 	 165.378 	 0.111327 
2431 	 174.464 	 0.10501 
2600 	 161.392 	 0.172323 
2601 	 164.491 	 0.154629 
2602 	 170.985 	 0.151347 
2603 	 164.915 	 0.159893 
2604 	 166.611 	 0.157475 
2605 	 155.328 	 0.169858 
2606 	 174.173 	 0.161372 
2607 	 161.723 	 0.172518 
2608 	 158.741 	 0.158632 
2609 	 166.369 	 0.167387 
2610 	 170.372 	 0.147988 
2611 	 166.738 	 0.151243 
2612 	 173.883 	 0.149463 
2613 	 159.864 	 0.15388 
2614 	 167.919 	 0.153933 
2615 	 176.977 	 0.144384 
2616 	 168.151 	 0.148663 
2617 	 176.927 	 0.147693 
2618 	 173.234 	 0.14526 
2619 	 174.807 	 0.147838 
2620 	 168.679 	 0.157967 
2621 	 174.251 	 0.155424 
2622 	 168.508 	 0.165632 
2623 	 172.683 	 0.179265 
2624 	 154.875 	 0.191227 
2625 	 166.283 	 0.17861 
2626 	 171.379 	 0.164272 
2627 	 148.345 	 0.1684 
2628 	 168.878 	 0.1769 
2629 	 155.247 	 0.18611 
2630 	 170.359 	 0.166667 
2631 	 178.276 	 0.175582 
2700 	 188.964 	 0.141611 
2701 	 192.673 	 0.133497 
2702 	 197.443 	 0.138312 
2703 	 190.355 	 0.138439 
2704 	 198.646 	 0.152919 
2705 	 207.834 	 0.149913 
2706 	 196.562 	 0.150916 
2707 	 187.978 	 0.134386 
2708 	 171.9 	 0.142559 
2709 	 178.191 	 0.139038 
2710 	 185.982 	 0.137445 
2711 	 188.903 	 0.131834 
2712 	 189.837 	 0.130417 
2713 	 182.487 	 0.145756 
2714 	 183.254 	 0.129992 
2715 	 205.03 	 0.135777 
2716 	 186.677 	 0.136414 
2717 	 183.478 	 0.13452 
2718 	 190.424 	 0.133274 
2719 	 180.173 	 0.137368 
2720 	 180.536 	 0.139708 
2721 	 194.552 	 0.134411 
2722 	 181.27 	 0.148055 
2723 	 176.317 	 0.145925 
2724 	 193.515 	 0.153496 
2725 	 192.639 	 0.157035 
2726 	 174.08 	 0.149288 
2727 	 180.246 	 0.173416 
2728 	 173.213 	 0.162871 
2729 	 187.048 	 0.152489 
2730 	 179.605 	 0.160879 
2731 	 178.969 	 0.154968 
2800 	 199.306 	 0.154084 
2801 	 215.691 	 0.144854 
2802 	 229.815 	 0.150508 
2803 	 203.672 	 0.14595 
2804 	 209.659 	 0.145049 
2805 	 213.651 	 0.148352 
2806 	 213.234 	 0.154128 
2807 	 222.848 	 0.152844 
2808 	 212.538 	 0.1482 
2809 	 206.959 	 0.139988 
2810 	 208.352 	 0.144423 
2811 	 206.347 	 0.138556 
2812 	 216.903 	 0.136183 
2813 	 210.531 	 0.130759 
2814 	 214.16 	 0.138971 
2815 	 207.407 	 0.137007 
2816 	 201.869 	 0.135119 
2817 	 218.076 	 0.136885 
2818 	 208.58 	 0.14244 
2819 	 195.46 	 0.13685 
2820 	 201.427 	 0.145632 
2821 	 224.688 	 0.171772 
2822 	 207.775 	 0.143868 
2823 	 205.925 	 0.143224 
2824 	 206.752 	 0.164163 
2825 	 201.95 	 0.153603 
2826 	 199.516 	 0.160829 
2827 	 187.841 	 0.146293 
2828 	 200.01 	 0.16171 
2829 	 187.21 	 0.15332 
2830 	 195.987 	 0.159161 
2831 	 200.162 	 0.162316 
2900 	 109.431 	 0.568648 
2901 	 124.937 	 0.433107 
2902 	 140.049 	 0.521464 
2903 	 113.441 	 0.435624 
2904 	 123.948 	 0.586615 
2905 	 129.328 	 0.535772 
2906 	 121.503 	 0.414561 
2907 	 124.645 	 0.486894 
2908 	 113.203 	 0.481251 
2909 	 131.387 	 0.538113 
2910 	 123.573 	 0.544265 
2911 	 117.864 	 0.612272 
2912 	 112.922 	 0.574552 
2913 	 124.691 	 0.648133 
2914 	 120.375 	 0.617759 
2915 	 116.078 	 0.626348 
2916 	 124.279 	 0.482382 
2917 	 106.086 	 0.541613 
2918 	 129.676 	 0.559892 
2919 	 134.083 	 0.547649 
2920 	 125.845 	 0.515431 
2921 	 121.936 	 0.546267 
2922 	 125.797 	 0.680354 
2923 	 116.15 	 0.535614 
2924 	 102.353 	 0.545941 
2925 	 116.953 	 0.515596 
2926 	 122.565 	 0.530408 
2927 	 119.568 	 0.62832 
2928 	 123.34 	 0.565174 
2929 	 113.954 	 0.469224 
2930 	 103.342 	 0.488332 
2931 	 110.272 	 0.484164 
3000 	 122.587 	 0.214763 
3001 	 136.126 	 0.200624 
3002 	 126.023 	 0.206521 
3003 	 140.644 	 0.198667 
3004 	 114.201 	 0.209348 
3005 	 135.634 	 0.21351 
3006 	 144.845 	 0.208677 
3007 	 108.745 	 0.228864 
3008 	 121.26 	 0.194764 
3009 	 128.717 	 0.196633 
3010 	 133.577 	 0.187296 
3011 	 130.694 	 0.186455 
3012 	 141.27 	 0.18777 
3013 	 134.375 	 0.173252 
3014 	 113.171 	 0.182698 
3015 	 131.341 	 0.175555 
3016 	 130.946 	 0.194029 
3017 	 122.571 	 0.185127 
3018 	 134.6 	 0.192876 
3019 	 128.741 	 0.193574 
3020 	 133.68 	 0.19525 
3021 	 138.78 	 0.183524 
3022 	 124.841 	 0.21933 
3023 	 123.449 	 0.198038 
3024 	 121.803 	 0.220239 
3025 	 123.729 	 0.223018 
3026 	 119.148 	 0.214361 
3027 	 130.344 	 0.231815 
3028 	 116.416 	 0.210163 
3029 	 141.058 	 0.215711 
3030 	 119.368 	 0.225467 
3031 	 124.518 	 0.210729 
3100 	 116.066 	 0.175749 
3101 	 105.75 	 0.17108 
3102 	 104.083 	 0.177133 
3103 	 117.774 	 0.170082 
3104 	 105.126 	 0.184969 
3105 	 108.125 	 0.209362 
3106 	 119.881 	 0.175096 
3107 	 116.647 	 0.173207 
3108 	 113.629 	 0.178637 
3109 	 110.682 	 0.171471 
3110 	 101.037 	 0.171565 
3111 	 110.438 	 0.166666 
3112 	 101.17 	 0.168057 
3113 	 94.3834 	 0.167052 
3114 	 107.558 	 0.163123 
3115 	 99.8406 	 0.170139 
3116 	 116.339 	 0.170307 
3117 	 98.0285 	 0.166758 
3118 	 95.2819 	 0.170543 
3119 	 103.01 	 0.171366 
3120 	 104.81 	 0.209708 
3121 	 104.288 	 0.208491 
3122 	 118.601 	 0.205796 
3123 	 109.863 	 0.18423 
3124 	 96.4212 	 0.22108 
3125 	 104.066 	 0.19007 
3126 	 97.3651 	 0.205788 
3127 	 91.6462 	 0.189887 
3128 	 104.899 	 0.20452 
3129 	 93.4993 	 0.212157 
3130 	 107.475 	 0.213017 
3131 	 84.6221 	 0.184021 
3200 	 170.102 	 0.200154 
3201 	 184.67 	 0.201181 
3202 	 174.03 	 0.176288 
3203 	 192.465 	 0.178762 
3204 	 192.044 	 0.193555 
3205 	 180.74 	 0.190594 
3206 	 197.333 	 0.193776 
3207 	 179.183 	 0.196853 
3208 	 178.958 	 0.196673 
3209 	 175.903 	 0.185001 
3210 	 175.577 	 0.182745 
3211 	 193 	 0.177706 
3212 	 177.839 	 0.194503 
3213 	 180.908 	 0.172866 
3214 	 181.968 	 0.190957 
3215 	 168.414 	 0.179249 
3216 	 182.369 	 0.191895 
3217 	 176.217 	 0.18355 
3218 	 174.002 	 0.179874 
3219 	 182.332 	 0.223375 
3220 	 175.898 	 0.179768 
3221 	 182.04 	 0.18744 
3222 	 169.255 	 0.198371 
3223 	 179.539 	 0.202759 
3224 	 171.335 	 0.185957 
3225 	 181.109 	 0.204821 
3226 	 181.442 	 0.213113 
3227 	 170.62 	 0.210543 
3228 	 194.315 	 0.194037 
3229 	 167.954 	 0.204755 
3230 	 180.568 	 0.225206 
3231 	 168.028 	 0.224677 
3300 	 207.001 	 0.154615 
3301 	 218.889 	 0.13819 
3302 	 209.335 	 0.146404 
3303 	 218.882 	 0.143674 
3304 	 220.15 	 0.14585 
3305 	 213.227 	 0.144367 
3306 	 215.463 	 0.144921 
3307 	 206.394 	 0.149895 
3308 	 215.325 	 0.165961 
3309 	 231.31 	 0.143695 
3310 	 214.463 	 0.142481 
3311 	 228.429 	 0.136174 
3312 	 216.889 	 0.137142 
3313 	 217.722 	 0.138295 
3314 	 215.109 	 0.137246 
3315 	 211.901 	 0.138824 
3316 	 211.874 	 0.138988 
3317 	 204.519 	 0.139991 
3318 	 213.713 	 0.141956 
3319 	 204.899 	 0.144546 
3320 	 214.807 	 0.148534 
3321 	 204.561 	 0.143499 
3322 	 208.746 	 0.148011 
3323 	 205.045 	 0.150805 
3324 	 199.987 	 0.152559 
3325 	 209.631 	 0.147334 
3326 	 215.568 	 0.155312 
3327 	 204.952 	 0.154199 
3328 	 221.751 	 0.162533 
3329 	 208.264 	 0.155989 
3330 	 217.36 	 0.169373 
3331 	 205.584 	 0.156105 
3400 	 187.242 	 0.170806 
3401 	 196.955 	 0.160306 
3402 	 209.834 	 0.158663 
3403 	 195.314 	 0.144537 
3404 	 186.253 	 0.14747 
3405 	 189.915 	 0.161193 
3406 	 187.09 	 0.147213 
3407 	 191.825 	 0.150352 
3408 	 190.985 	 0.152999 
3409 	 189.386 	 0.149155 
3410 	 170.379 	 0.142979 
3411 	 191.415 	 0.145945 
3412 	 202.026 	 0.143653 
3413 	 190.114 	 0.136563 
3414 	 195.947 	 0.139089 
3415 	 189.328 	 0.138651 
3416 	 186.724 	 0.142035 
3417 	 185.066 	 0.145653 
3418 	 193.317 	 0.141841 
3419 	 183.038 	 0.144841 
3420 	 190.294 	 0.143935 
3421 	 177.557 	 0.152489 
3422 	 185.613 	 0.152686 
3423 	 195.4 	 0.153571 
3424 	 185.362 	 0.154019 
3425 	 189.386 	 0.154318 
3426 	 174.132 	 0.161665 
3427 	 170.688 	 0.16272 
3428 	 182.259 	 0.177399 
3429 	 181.942 	 0.181389 
3430 	 190.356 	 0.16448 
3431 	 161.572 	 0.175217 
3500 	 104.686 	 0.321011 
3501 	 107.823 	 0.23579 
3502 	 101.442 	 0.333866 
3503 	 118.131 	 0.251379 
3504 	 114.381 	 0.251216 
3505 	 91.3687 	 0.240204 
3506 	 123.23 	 0.245189 
3507 	 101.367 	 0.241526 
3508 	 113.49 	 0.239611 
3509 	 94.4612 	 0.219092 
3510 	 113.289 	 0.229884 
3511 	 124.72 	 0.229817 
3512 	 106.296 	 0.19558 
3513 	 103.965 	 0.218281 
3514 	 86.7804 	 0.219535 
3515 	 119.565 	 0.22706 
3516 	 87.8152 	 0.211416 
3517 	 104.623 	 0.218428 
3518 	 113.275 	 0.224535 
3519 	 104.799 	 0.217238 
3520 	 108.885 	 0.225609 
3521 	 102.071 	 0.214151 
3522 	 112.329 	 0.249633 
3523 	 117.045 	 0.23746 
3524 	 103.287 	 0.238412 
3525 	 107.01 	 0.269108 
3526 	 96.3161 	 0.305862 
3527 	 95.3708 	 0.285483 
3528 	 87.0359 	 0.27673 
3529 	 90.3352 	 0.34402 
3530 	 114.532 	 0.273283 
3531 	 105.676 	 0.366221 
3600 	 217.667 	 0.466312 
3601 	 223.609 	 0.49915 
3602 	 214.737 	 0.45341 
3603 	 214.179 	 0.361808 
3604 	 216.153 	 0.565302 
3605 	 244.053 	 0.620554 
3606 	 210.753 	 0.461019 
3607 	 218.844 	 0.442924 
3608 	 220.759 	 0.452079 
3609 	 221.145 	 0.68207 
3610 	 211.698 	 0.379173 
3611 	 217.247 	 0.421252 
3612 	 218.359 	 0.554711 
3613 	 221.619 	 0.617656 
3614 	 212.673 	 0.454813 
3615 	 216.379 	 0.44587 
3616 	 210.139 	 0.34689 
3617 	 217.577 	 0.493283 
3618 	 239.492 	 0.361212 
3619 	 224.813 	 0.762639 
3620 	 206.1 	 0.488832 
3621 	 221.986 	 0.377856 
3622 	 213.125 	 0.385609 
3623 	 198.897 	 0.591929 
3624 	 220.278 	 0.369425 
3625 	 214.492 	 0.434281 
3626 	 197.857 	 0.40393 
3627 	 209.914 	 0.486043 
3628 	 201.883 	 0.562293 
3629 	 201.833 	 0.583997 
3630 	 199.538 	 0.516573 
3631 	 198.96 	 0.695112 
3700 	 198.653 	 0.267314 
3701 	 192.874 	 0.257163 
3702 	 183.758 	 0.211549 
3703 	 215.234 	 0.277575 
3704 	 215.665 	 0.277037 
3705 	 213.135 	 0.249435 
3706 	 206.112 	 0.22985 
3707 	 191.543 	 0.227381 
3708 	 202.915 	 0.273088 
3709 	 205.836 	 0.249801 
3710 	 194.732 	 0.221445 
3711 	 194.327 	 0.222042 
3712 	 211.044 	 0.233929 
3713 	 189.587 	 0.208369 
3714 	 177.154 	 0.209143 
3715 	 192.349 	 0.22329 
3716 	 189.112 	 0.234271 
3717 	 199.368 	 0.214948 
3718 	 193.118 	 0.206284 
3719 	 197.425 	 0.249073 
3720 	 185.696 	 0.242048 
3721 	 184.6 	 0.21213 
3722 	 200.713 	 0.235077 
3723 	 193.834 	 0.290811 
3724 	 183.165 	 0.238126 
3725 	 190.921 	 0.266668 
3726 	 176.592 	 0.235231 
3727 	 180.766 	 0.212706 
3728 	 174.158 	 0.23534 
3729 	 193.485 	 0.249338 
3730 	 181.053 	 0.218534 
3731 	 181.255 	 0.228232 
3800 	 193.579 	 0.27313 
3801 	 209.142 	 0.212931 
3802 	 197.651 	 0.207731 
3803 	 212.871 	 0.21205 
3804 	 197.289 	 0.229033 
3805 	 198.039 	 0.226123 
3806 	 187.863 	 0.235242 
3807 	 201.235 	 0.211672 
3808 	 190.489 	 0.249963 
3809 	 202.62 	 0.201461 
3810 	 191.683 	 0.216772 
3811 	 202.87 	 0.199777 
3812 	 192.896 	 0.193495 
3813 	 195.742 	 0.216828 
3814 	 191.79 	 0.199946 
3815 	 182.861 	 0.206296 
3816 	 197.41 	 0.19213 
3817 	 219.163 	 0.197314 
3818 	 179.389 	 0.19657 
3819 	 183.288 	 0.22574 
3820 	 197.819 	 0.199138 
3821 	 180.719 	 0.223647 
3822 	 189.605 	 0.223557 
3823 	 193.394 	 0.224476 
3824 	 196.193 	 0.222371 
3825 	 195.139 	 0.237361 
3826 	 189.076 	 0.243544 
3827 	 184.31 	 0.228007 
3828 	 181.013 	 0.265808 
3829 	 187.745 	 0.322445 
3830 	 189.261 	 0.236964 
3831 	 165.071 	 0.26682 
3900 	 160.577 	 0.357642 
3901 	 163.828 	 0.217251 
3902 	 156.494 	 0.276028 
3903 	 151.601 	 0.213339 
3904 	 160.291 	 0.256189 
3905 	 151.115 	 0.229035 
3906 	 157.594 	 0.214261 
3907 	 157.93 	 0.213514 
3908 	 154.915 	 0.213107 
3909 	 144.999 	 0.2105 
3910 	 157.209 	 0.206322 
3911 	 148.37 	 0.206469 
3912 	 179.321 	 0.192617 
3913 	 137.612 	 0.179408 
3914 	 151.514 	 0.207577 
3915 	 145.624 	 0.208326 
3916 	 160.374 	 0.202904 
3917 	 144.661 	 0.206886 
3918 	 143.729 	 0.195811 
3919 	 158.624 	 0.199426 
3920 	 141.891 	 0.200782 
3921 	 138.535 	 0.20368 
3922 	 158.015 	 0.258105 
3923 	 146.046 	 0.25139 
3924 	 147.552 	 0.222279 
3925 	 148.981 	 0.24389 
3926 	 149.81 	 0.271083 
3927 	 156.151 	 0.269432 
3928 	 134.178 	 0.283431 
3929 	 124.088 	 0.368137 
3930 	 145.994 	 0.24874 
3931 	 151.692 	 0.389109 
4000 	 180.74 	 0.195701 
4001 	 172.749 	 0.171827 
4002 	 182.839 	 0.189767 
4003 	 187.181 	 0.207098 
4004 	 187.122 	 0.20415 
4005 	 172.981 	 0.179907 
4006 	 195.83 	 0.200424 
4007 	 172.077 	 0.183283 
4008 	 180.469 	 0.196636 
4009 	 182.184 	 0.206309 
4010 	 186.096 	 0.19877 
4011 	 173.543 	 0.182984 
4012 	 168.829 	 0.183219 
4013 	 181.435 	 0.179366 
4014 	 194.875 	 0.197913 
4015 	 166.776 	 0.175782 
4016 	 166.821 	 0.18755 
4017 	 160.3 	 0.174327 
4018 	 179.712 	 0.175707 
4019 	 177.981 	 0.185293 
4020 	 171.638 	 0.189886 
4021 	 179.298 	 0.195795 
4022 	 177.116 	 0.220374 
4023 	 183.123 	 0.193405 
4024 	 185.502 	 0.206157 
4025 	 168.736 	 0.22065 
4026 	 185.616 	 0.217735 
4027 	 167.158 	 0.218016 
4028 	 165.854 	 0.20926 
4029 	 169.636 	 0.199224 
4030 	 166.512 	 0.247781 
4031 	 168.64 	 0.224644 
4100 	 214.937 	 0.202571 
4101 	 193.599 	 0.162101 
4102 	 225.208 	 0.187658 
4103 	 232.108 	 0.178511 
4104 	 212.113 	 0.190621 
4105 	 212.619 	 0.188839 
4106 	 207.098 	 0.193551 
4107 	 219.759 	 0.185316 
4108 	 209.828 	 0.184711 
4109 	 204.365 	 0.177734 
4110 	 219.944 	 0.177725 
4111 	 210.204 	 0.171072 
4112 	 222.094 	 0.180646 
4113 	 232.498 	 0.183385 
4114 	 198.4 	 0.171737 
4115 	 216.629 	 0.168296 
4116 	 201.708 	 0.179996 
4117 	 207.269 	 0.16846 
4118 	 214.354 	 0.173866 
4119 	 215.355 	 0.184612 
4120 	 203.715 	 0.180806 
4121 	 208.201 	 0.190636 
4122 	 212.971 	 0.197363 
4123 	 185.276 	 0.226104 
4124 	 203.339 	 0.201567 
4125 	 208.209 	 0.193093 
4126 	 203.028 	 0.204964 
4127 	 215.905 	 0.204684 
4128 	 202.221 	 0.210959 
4129 	 221.162 	 0.225046 
4130 	 205.917 	 0.213334 
4131 	 203.195 	 0.196414 
4200 	 173.906 	 0.227325 
4201 	 201.324 	 0.190894 
4202 	 193.88 	 0.200826 
4203 	 207.484 	 0.220933 
4204 	 206.866 	 0.21298 
4205 	 209.734 	 0.210842 
4206 	 217.125 	 0.212643 
4207 	 212.852 	 0.218363 
4208 	 188.609 	 0.251924 
4209 	 202.806 	 0.20883 
4210 	 204.35 	 0.22297 
4211 	 212.745 	 0.195277 
4212 	 191.545 	 0.203082 
4213 	 179.491 	 0.177722 
4214 	 191.531 	 0.213553 
4215 	 184.549 	 0.204457 
4216 	 205.624 	 0.191141 
4217 	 198.744 	 0.19889 
4218 	 192.393 	 0.194334 
4219 	 193.857 	 0.193261 
4220 	 203.113 	 0.200613 
4221 	 193.565 	 0.210548 
4222 	 203.586 	 0.214161 
4223 	 192.214 	 0.229446 
4224 	 185.495 	 0.225085 
4225 	 207.15 	 0.229834 
4226 	 193 	 0.250789 
4227 	 203.728 	 0.216619 
4228 	 178.172 	 0.229642 
4229 	 186.608 	 0.247229 
4230 	 195.736 	 0.262298 
4231 	 173.007 	 0.226806 
4300 	 138.594 	 0.660736 
4301 	 156.435 	 0.72892 
4302 	 179.433 	 0.563884 
4303 	 164.689 	 0.628906 
4304 	 174.218 	 0.752574 
4305 	 172.13 	 0.652268 
4306 	 153.016 	 0.575305 
4307 	 161.749 	 0.494325 
4308 	 164.533 	 0.832744 
4309 	 152.405 	 0.383888 
4310 	 172.377 	 0.453126 
4311 	 150.992 	 0.520456 
4312 	 168.845 	 0.641781 
4313 	 172.801 	 0.482946 
4314 	 157.858 	 0.618066 
4315 	 157.963 	 0.612138 
4316 	 155.001 	 0.615625 
4317 	 166.327 	 0.607948 
4318 	 161.984 	 0.58803 
4319 	 148.405 	 0.625002 
4320 	 159.588 	 0.58996 
4321 	 162.989 	 0.514587 
4322 	 170.705 	 0.701486 
4323 	 147.318 	 0.564373 
4324 	 149.595 	 0.424228 
4325 	 152.724 	 0.681652 
4326 	 150.72 	 0.522596 
4327 	 150.663 	 0.597671 
4328 	 175.271 	 0.477511 
4329 	 147.867 	 0.647376 
4330 	 155.301 	 0.601402 
4331 	 153.388 	 0.726001 
4400 	 94.4884 	 0.338953 
4401 	 98.6401 	 0.261938 
4402 	 93.8832 	 0.280797 
4403 	 111.51 	 0.247301 
4404 	 93.1736 	 0.267549 
4405 	 116.49 	 0.272585 
4406 	 107.326 	 0.227431 
4407 	 111.525 	 0.275469 
4408 	 113.592 	 0.253093 
4409 	 101.615 	 0.254426 
4410 	 104.213 	 0.237408 
4411 	 110.4 	 0.23273 
4412 	 95.9433 	 0.263891 
4413 	 110.067 	 0.222638 
4414 	 103.958 	 0.255586 
4415 	 105.994 	 0.210343 
4416 	 99.4307 	 0.221994 
4417 	 108.499 	 0.209846 
4418 	 97.5242 	 0.247156 
4419 	 100.045 	 0.275074 
4420 	 95.4996 	 0.248848 
4421 	 105.926 	 0.244335 
4422 	 104.269 	 0.256568 
4423 	 90.8922 	 0.266956 
4424 	 101.824 	 0.277753 
4425 	 109.78 	 0.248162 
4426 	 87.6855 	 0.267753 
4427 	 95.8456 	 0.282771 
4428 	 86.7406 	 0.266357 
4429 	 97.216 	 0.279932 
4430 	 98.4269 	 0.273745 
4431 	 89.2948 	 0.25041 
4500 	 138.306 	 0.387457 
4501 	 160.896 	 0.337063 
4502 	 148.077 	 0.295499 
4503 	 162.396 	 0.33333 
4504 	 166.601 	 0.321114 
4505 	 155.72 	 0.306189 
4506 	 149.516 	 0.308968 
4507 	 169.167 	 0.371639 
4508 	 151.096 	 0.317127 
4509 	 151.568 	 0.304913 
4510 	 144.861 	 0.313604 
4511 	 141.591 	 0.285595 
4512 	 166.741 	 0.376606 
4513 	 143.206 	 0.305501 
4514 	 154.622 	 0.274878 
4515 	 151.139 	 0.265331 
4516 	 140.428 	 0.329193 
4517 	 157.363 	 0.273698 
4518 	 130.149 	 0.300729 
4519 	 149.524 	 0.279692 
4520 	 151.533 	 0.284648 
4521 	 144.697 	 0.306943 
4522 	 143.091 	 0.301725 
4523 	 128.251 	 0.298571 
4524 	 130.31 	 0.322565 
4525 	 141.366 	 0.302576 
4526 	 133.384 	 0.319948 
4527 	 138.276 	 0.294566 
4528 	 152.638 	 0.306289 
4529 	 136.454 	 0.325433 
4530 	 152.645 	 0.312294 
4531 	 136.889 	 0.297144 
4600 	 200.306 	 0.390984 
4601 	 197.044 	 0.592556 
4602 	 201.608 	 0.469793 
4603 	 204.856 	 0.417437 
4604 	 220.046 	 0.393412 
4605 	 212.887 	 0.408685 
4606 	 196.177 	 0.441254 
4607 	 214.617 	 0.457345 
4608 	 192.204 	 0.483166 
4609 	 199.686 	 0.621693 
4610 	 206.006 	 0.358548 
4611 	 210.467 	 0.343085 
4612 	 209.408 	 0.347694 
4613 	 211.21 	 0.515012 
4614 	 211.69 	 0.350516 
4615 	 224.838 	 0.405419 
4616 	 203.382 	 0.542918 
4617 	 195.574 	 0.392175 
4618 	 215.962 	 0.439226 
4619 	 198.945 	 0.356945 
4620 	 204.339 	 0.402381 
4621 	 210.914 	 0.419419 
4622 	 198.076 	 0.477899 
4623 	 204.635 	 0.512388 
4624 	 197.8 	 0.380964 
4625 	 194.176 	 0.470442 
4626 	 200.903 	 0.393331 
4627 	 213.68 	 0.341776 
4628 	 208.633 	 0.420322 
4629 	 210.175 	 0.419352 
4630 	 206.709 	 0.379012 
4631 	 209.55 	 0.397477 
4700 	 87.3824 	 0.380706 
4701 	 96.322 	 0.400768 
4702 	 97.1328 	 0.374928 
4703 	 88.5168 	 0.326074 
4704 	 109.66 	 0.508655 
4705 	 99.3638 	 0.338876 
4706 	 107.182 	 0.324493 
4707 	 113.284 	 0.349832 
4708 	 97.3759 	 0.320968 
4709 	 75.3228 	 0.521014 
4710 	 93.8853 	 0.444684 
4711 	 83.3438 	 0.415025 
4712 	 94.108 	 0.563084 
4713 	 94.054 	 0.339642 
4714 	 102.238 	 0.362417 
4715 	 86.9703 	 0.545673 
4716 	 84.2899 	 0.336182 
4717 	 99.5054 	 0.338492 
4718 	 79.5169 	 0.409018 
4719 	 101.873 	 0.395181 
4720 	 88.0535 	 0.362603 
4721 	 87.9581 	 0.410738 
4722 	 93.088 	 0.438314 
4723 	 94.6747 	 0.37144 
4724 	 93.7967 	 0.380751 
4725 	 86.9941 	 0.377387 
4726 	 87.743 	 0.427383 
4727 	 94.1849 	 0.410938 
4728 	 87.68 	 0.40303 
4729 	 85.4224 	 0.605511 
4730 	 106.619 	 0.546947 
4731 	 90.9381 	 0.458226 
4800 	 133.81 	 0.48339 
4801 	 150.933 	 0.418179 
4802 	 158.892 	 0.511322 
4803 	 138.833 	 0.350209 
4804 	 144.885 	 0.353369 
4805 	 127.834 	 0.351133 
4806 	 138.477 	 0.377915 
4807 	 154.572 	 0.467785 
4808 	 144.726 	 0.429679 
4809 	 141.691 	 0.534639 
4810 	 154.052 	 0.467177 
4811 	 144.537 	 0.407136 
4812 	 157.511 	 0.721599 
4813 	 142.064 	 0.629786 
4814 	 134.664 	 0.527329 
4815 	 150.58 	 0.487215 
4816 	 131.866 	 0.593209 
4817 	 138.772 	 0.566877 
4818 	 145.149 	 0.518037 
4819 	 147.526 	 0.455856 
4820 	 135.356 	 0.590578 
4821 	 136.074 	 0.565454 
4822 	 144.164 	 0.690418 
4823 	 135.731 	 0.534431 
4824 	 142.261 	 0.632921 
4825 	 136.004 	 0.476652 
4826 	 135.883 	 0.70685 
4827 	 149.139 	 0.44163 
4828 	 130.391 	 0.443718 
4829 	 144.002 	 0.818511 
4830 	 133.682 	 0.639568 
4831 	 137.022 	 0.678569 
4900 	 222.766 	 0.597231 
4901 	 238.958 	 0.497434 
4902 	 238.776 	 0.512054 
4903 	 237.533 	 0.552945 
4904 	 242.195 	 0.519875 
4905 	 234.726 	 0.983998 
4906 	 208.659 	 0.719101 
4907 	 230.792 	 0.565608 
4908 	 235.276 	 0.667201 
4909 	 228.527 	 0.649911 
4910 	 232.769 	 0.628909 
4911 	 224.391 	 0.843044 
4912 	 224.344 	 0.599791 
4913 	 217.45 	 0.942578 
4914 	 208.082 	 0.61965 
4915 	 226.469 	 0.822691 
4916 	 223.535 	 0.62208 
4917 	 228.598 	 0.718759 
4918 	 234.948 	 0.677157 
4919 	 234.079 	 0.796442 
4920 	 211.052 	 0.55298 
4921 	 234.647 	 0.611383 
4922 	 204.526 	 0.564406 
4923 	 216.885 	 0.844025 
4924 	 225.86 	 0.568784 
4925 	 211.489 	 0.805604 
4926 	 210.214 	 0.774863 
4927 	 213.71 	 0.70612 
4928 	 207.382 	 0.621285 
4929 	 239.519 	 0.64158 
4930 	 232.13 	 0.512042 
4931 	 213.074 	 0.617241 
5000 	 182.021 	 0.36487 
5001 	 198.926 	 0.447749 
5002 	 193.186 	 0.326376 
5003 	 178.913 	 0.375522 
5004 	 181.226 	 0.374559 
5005 	 201.697 	 0.52404 
5006 	 189.899 	 0.343818 
5007 	 185.981 	 0.392858 
5008 	 183.243 	 0.343548 
5009 	 193.7 	 0.362478 
5010 	 182.017 	 0.277149 
5011 	 192.271 	 0.368249 
5012 	 182.749 	 0.303603 
5013 	 184.955 	 0.341136 
5014 	 181.025 	 0.288435 
5015 	 177.412 	 0.373874 
5016 	 181.332 	 0.474028 
5017 	 182.428 	 0.322992 
5018 	 185.004 	 0.312625 
5019 	 189.464 	 0.431564 
5020 	 173.662 	 0.441085 
5021 	 197.186 	 0.364897 
5022 	 178.888 	 0.35351 
5023 	 179.676 	 0.332053 
5024 	 162.809 	 0.392793 
5025 	 171.619 	 0.366201 
5026 	 181.073 	 0.36959 
5027 	 174.666 	 0.363107 
5028 	 166.948 	 0.483599 
5029 	 184.685 	 0.318341 
5030 	 179.501 	 0.380725 
5031 	 189.445 	 0.456733 
5100 	 135.101 	 0.259246 
5101 	 156.535 	 0.250445 
5102 	 166.967 	 0.228143 
5103 	 147.919 	 0.225187 
5104 	 162.97 	 0.229429 
5105 	 157.018 	 0.238564 
5106 	 160.783 	 0.228015 
5107 	 149.138 	 0.233488 
5108 	 156.885 	 0.223964 
5109 	 162.287 	 0.220707 
5110 	 169.922 	 0.210184 
5111 	 146.331 	 0.206061 
5112 	 137.933 	 0.201331 
5113 	 150.172 	 0.227154 
5114 	 159.532 	 0.21408 
5115 	 155.336 	 0.20611 
5116 	 144.628 	 0.20484 
5117 	 135.435 	 0.217285 
5118 	 145.078 	 0.213196 
5119 	 125.487 	 0.226427 
5120 	 153.45 	 0.224976 
5121 	 149.785 	 0.231911 
5122 	 150.174 	 0.235722 
5123 	 159.018 	 0.254523 
5124 	 154.61 	 0.236954 
5125 	 140.869 	 0.262151 
5126 	 128.605 	 0.296473 
5127 	 145.605 	 0.266376 
5128 	 150.772 	 0.306526 
5129 	 153.335 	 0.277864 
5130 	 162.535 	 0.362101 
5131 	 142.692 	 0.25394 
5200 	 232.955 	 0.270969 
5201 	 233.28 	 0.21365 
5202 	 218.082 	 0.248985 
5203 	 218.249 	 0.248194 
5204 	 201.517 	 0.226008 
5205 	 220.889 	 0.222923 
5206 	 216.424 	 0.234672 
5207 	 228.129 	 0.195198 
5208 	 217.739 	 0.272528 
5209 	 234.6 	 0.214652 
5210 	 219.735 	 0.216352 
5211 	 222.699 	 0.18973 
5212 	 211.992 	 0.188239 
5213 	 214.03 	 0.17957 
5214 	 210.196 	 0.187321 
5215 	 227.811 	 0.19426 
5216 	 204.875 	 0.191901 
5217 	 231.451 	 0.17894 
5218 	 213.011 	 0.187438 
5219 	 226.714 	 0.219527 
5220 	 217.835 	 0.202659 
5221 	 203.796 	 0.200762 
5222 	 232.817 	 0.22067 
5223 	 206.111 	 0.198552 
5224 	 227.581 	 0.204629 
5225 	 215.172 	 0.229062 
5226 	 214.631 	 0.241958 
5227 	 213.045 	 0.230307 
5228 	 199.24 	 0.257525 
5229 	 211.807 	 0.248719 
5230 	 216.667 	 0.225055 
5231 	 218.961 	 0.256196 
5300 	 283.234 	 0.292067 
5301 	 274.401 	 0.143839 
5302 	 277.079 	 0.240594 
5303 	 267.952 	 0.16213 
5304 	 280.565 	 0.177661 
5305 	 276.967 	 0.186012 
5306 	 278.513 	 0.157642 
5307 	 275.472 	 0.152965 
5308 	 274.164 	 0.16188 
5309 	 297.689 	 0.148211 
5310 	 264.847 	 0.144003 
5311 	 278.249 	 0.152315 
5312 	 273.341 	 0.145537 
5313 	 273.942 	 0.144924 
5314 	 264.352 	 0.141712 
5315 	 269.427 	 0.144627 
5316 	 268.197 	 0.13967 
5317 	 267.3 	 0.143223 
5318 	 267.381 	 0.152492 
5319 	 269.126 	 0.139067 
5320 	 258.891 	 0.14091 
5321 	 250.918 	 0.161401 
5322 	 268.728 	 0.150068 
5323 	 263.488 	 0.154155 
5324 	 260.42 	 0.164781 
5325 	 268.655 	 0.162 
5326 	 258.643 	 0.198578 
5327 	 251.603 	 0.183144 
5328 	 270.944 	 0.18874 
5329 	 278.099 	 0.283176 
5330 	 251.471 	 0.176823 
5331 	 253.642 	 0.329813 
5400 	 145.297 	 0.267249 
5401 	 143.082 	 0.277691 
5402 	 149.112 	 0.375732 
5403 	 174.564 	 0.257456 
5404 	 144.9 	 0.298117 
5405 	 147.015 	 0.321926 
5406 	 166.798 	 0.293637 
5407 	 156.135 	 0.305246 
5408 	 154.691 	 0.316634 
5409 	 162.326 	 0.290365 
5410 	 160.018 	 0.290807 
5411 	 153.117 	 0.257972 
5412 	 159.811 	 0.273042 
5413 	 156.261 	 0.332397 
5414 	 141.231 	 0.276449 
5415 	 148.828 	 0.31561 
5416 	 148.084 	 0.267814 
5417 	 161.887 	 0.264211 
5418 	 145.585 	 0.292516 
5419 	 148.929 	 0.295654 
5420 	 151.776 	 0.319496 
5421 	 141.046 	 0.25291 
5422 	 142.313 	 0.264921 
5423 	 154.491 	 0.312685 
5424 	 136.867 	 0.370252 
5425 	 143.271 	 0.30961 
5426 	 144.392 	 0.301706 
5427 	 139.022 	 0.280408 
5428 	 142.813 	 0.345647 
5429 	 150.843 	 0.291889 
5430 	 127.701 	 0.340059 
5431 	 159.224 	 0.304395 
5500 	 128.123 	 0.150604 
5501 	 145.116 	 0.145888 
5502 	 154.651 	 0.145502 
5503 	 150.09 	 0.16228 
5504 	 136.648 	 0.151778 
5505 	 130.056 	 0.145246 
5506 	 154.17 	 0.150595 
5507 	 140.969 	 0.153409 
5508 	 133.708 	 0.151689 
5509 	 146.344 	 0.149612 
5510 	 140.408 	 0.142731 
5511 	 155.647 	 0.144366 
5512 	 147.231 	 0.132107 
5513 	 131.037 	 0.138629 
5514 	 141.254 	 0.137445 
5515 	 152.669 	 0.138264 
5516 	 139.091 	 0.135177 
5517 	 141.44 	 0.136747 
5518 	 145.806 	 0.151842 
5519 	 146.405 	 0.140327 
5520 	 140.372 	 0.142106 
5521 	 154.605 	 0.152029 
5522 	 136.735 	 0.155449 
5523 	 137.13 	 0.157832 
5524 	 147.393 	 0.163947 
5525 	 131.628 	 0.16483 
5526 	 138.192 	 0.167287 
5527 	 145.113 	 0.159585 
5528 	 133.583 	 0.158266 
5529 	 143.216 	 0.169332 
5530 	 151.038 	 0.170406 
5531 	 146.316 	 0.167622 
5600 	 154.216 	 0.959191 
5601 	 153.327 	 0.525428 
5602 	 179.903 	 0.337277 
5603 	 147.35 	 0.688871 
5604 	 147.137 	 0.470681 
5605 	 175.175 	 0.457938 
5606 	 157.365 	 1.03979 
5607 	 150.171 	 0.526735 
5608 	 149.531 	 0.44624 
5609 	 154.453 	 0.876614 
5610 	 143.329 	 0.529951 
5611 	 141.852 	 0.431941 
5612 	 149.323 	 0.571881 
5613 	 157.406 	 0.580702 
5614 	 162.174 	 0.408001 
5615 	 161.339 	 0.416442 
5616 	 163.556 	 1.47565 
5617 	 145.11 	 0.545616 
5618 	 151.46 	 0.606683 
5619 	 145.297 	 0.434068 
5620 	 141.747 	 0.59373 
5621 	 164.255 	 1.06106 
5622 	 151.084 	 0.550972 
5623 	 132.131 	 0.477828 
5624 	 139.042 	 0.70698 
5625 	 144.228 	 0.51233 
5626 	 145.987 	 0.497446 
5627 	 150.099 	 0.786884 
5628 	 136.804 	 0.716479 
5629 	 127.656 	 0.586158 
5630 	 137.43 	 0.42431 
5631 	 155.017 	 0.772866 
5700 	 116.154 	 0.694246 
5701 	 116.717 	 0.731441 
5702 	 123.335 	 0.717946 
5703 	 125.609 	 0.70505 
5704 	 123.53 	 0.609494 
5705 	 118.779 	 0.671051 
5706 	 127.88 	 0.723226 
5707 	 111.141 	 0.590156 
5708 	 115.364 	 0.715917 
5709 	 124.591 	 0.595802 
5710 	 130.358 	 0.547352 
5711 	 104.18 	 0.558415 
5712 	 118.321 	 0.574061 
5713 	 107.346 	 0.569784 
5714 	 118.428 	 0.625846 
5715 	 120.37 	 0.615114 
5716 	 111.645 	 0.628254 
5717 	 108.212 	 0.68863 
5718 	 101.85 	 0.69882 
5719 	 122.946 	 0.746959 
5720 	 117.481 	 0.821517 
5721 	 112.135 	 0.58788 
5722 	 123.651 	 0.832951 
5723 	 103.355 	 0.583974 
5724 	 105.372 	 0.570909 
5725 	 112.576 	 0.584007 
5726 	 114.644 	 0.517375 
5727 	 98.7682 	 0.670898 
5728 	 114.631 	 0.884653 
5729 	 105.35 	 0.67123 
5730 	 107.351 	 0.604288 
5731 	 99.5804 	 0.581528 
5800 	 95.5542 	 0.238857 
5801 	 99.6064 	 0.223821 
5802 	 106.079 	 0.227897 
5803 	 104.293 	 0.239034 
5804 	 97.8592 	 0.226362 
5805 	 102.551 	 0.275414 
5806 	 101.886 	 0.233065 
5807 	 103.349 	 0.221581 
5808 	 93.1622 	 0.260192 
5809 	 88.8223 	 0.260393 
5810 	 85.0651 	 0.264192 
5811 	 89.1993 	 0.249654 
5812 	 103.51 	 0.209341 
5813 	 103.512 	 0.232189 
5814 	 95.3771 	 0.251416 
5815 	 86.4659 	 0.21662 
5816 	 86.0288 	 0.245966 
5817 	 82.1776 	 0.214818 
5818 	 107.834 	 0.212533 
5819 	 84.6858 	 0.213603 
5820 	 86.4454 	 0.214718 
5821 	 96.1926 	 0.229905 
5822 	 77.8996 	 0.243442 
5823 	 77.7978 	 0.229809 
5824 	 94.4667 	 0.266098 
5825 	 87.3141 	 0.238187 
5826 	 91.2065 	 0.304994 
5827 	 99.2709 	 0.252693 
5828 	 104.618 	 0.285311 
5829 	 80.5619 	 0.253211 
5830 	 81.3031 	 0.272571 
5831 	 85.8626 	 0.251314 
5900 	 180.255 	 0.143607 
5901 	 186.394 	 0.140383 
5902 	 202.837 	 0.143896 
5903 	 202.446 	 0.146207 
5904 	 181.765 	 0.140485 
5905 	 180.085 	 0.144522 
5906 	 187.824 	 0.159948 
5907 	 177.068 	 0.142198 
5908 	 181.258 	 0.155448 
5909 	 191.923 	 0.140579 
5910 	 193.263 	 0.139884 
5911 	 193.619 	 0.147025 
5912 	 178.111 	 0.137295 
5913 	 183.453 	 0.139403 
5914 	 198.634 	 0.139576 
5915 	 194.444 	 0.133281 
5916 	 187.414 	 0.138144 
5917 	 182.38 	 0.137981 
5918 	 177.889 	 0.14036 
5919 	 195.759 	 0.144943 
5920 	 192.319 	 0.146876 
5921 	 197.438 	 0.143399 
5922 	 176.248 	 0.145945 
5923 	 171.605 	 0.148083 
5924 	 178.509 	 0.151683 
5925 	 181.233 	 0.155201 
5926 	 168.492 	 0.160597 
5927 	 167.229 	 0.153842 
5928 	 179.953 	 0.160166 
5929 	 191.805 	 0.157622 
5930 	 187.27 	 0.158662 
5931 	 186.924 	 0.159194 
6000 	 193.394 	 0.169425 
6001 	 203.989 	 0.152209 
6002 	 191.591 	 0.157782 
6003 	 206.123 	 0.157696 
6004 	 209.599 	 0.160347 
6005 	 220.063 	 0.153476 
6006 	 196.122 	 0.159918 
6007 	 190.863 	 0.164892 
6008 	 207.391 	 0.167101 
6009 	 194.105 	 0.154345 
6010 	 189.095 	 0.145597 
6011 	 208.645 	 0.14573 
6012 	 212.907 	 0.139415 
6013 	 194.63 	 0.138998 
6014 	 210.899 	 0.132744 
6015 	 200.708 	 0.146978 
6016 	 207.395 	 0.143248 
6017 	 200.107 	 0.141678 
6018 	 199.635 	 0.135608 
6019 	 186.615 	 0.141637 
6020 	 203.134 	 0.151299 
6021 	 190.926 	 0.158375 
6022 	 197.479 	 0.150718 
6023 	 199.756 	 0.160679 
6024 	 207.775 	 0.161547 
6025 	 182.983 	 0.169083 
6026 	 195.064 	 0.163565 
6027 	 196.61 	 0.158538 
6028 	 210.8 	 0.166679 
6029 	 184.62 	 0.169183 
6030 	 188.837 	 0.170798 
6031 	 189.632 	 0.169981 
6100 	 171.673 	 0.230192 
6101 	 151.353 	 0.263034 
6102 	 174.112 	 0.222421 
6103 	 169.264 	 0.22905 
6104 	 149.303 	 0.25236 
6105 	 170.089 	 0.269767 
6106 	 173.911 	 0.220409 
6107 	 148.903 	 0.251843 
6108 	 171.297 	 0.225513 
6109 	 160.829 	 0.260744 
6110 	 159.366 	 0.233999 
6111 	 164.777 	 0.258221 
6112 	 145.893 	 0.211753 
6113 	 157.83 	 0.240647 
6114 	 167.944 	 0.230414 
6115 	 171.476 	 0.223246 
6116 	 162.591 	 0.219264 
6117 	 152.961 	 0.231943 
6118 	 160.667 	 0.236446 
6119 	 161.269 	 0.280618 
6120 	 147.497 	 0.238595 
6121 	 167.59 	 0.223752 
6122 	 147.8 	 0.244812 
6123 	 163.84 	 0.227148 
6124 	 159.715 	 0.256442 
6125 	 133.117 	 0.28535 
6126 	 152.713 	 0.247883 
6127 	 158.999 	 0.255237 
6128 	 141.17 	 0.297263 
6129 	 148.382 	 0.255655 
6130 	 147.677 	 0.299961 
6131 	 153.592 	 0.270821 
10500 	 183.078 	 0.109396 
10501 	 192.647 	 0.104163 
10502 	 194.482 	 0.103341 
10503 	 194.609 	 0.1102 
10504 	 196.522 	 0.112488 
10505 	 204.986 	 0.111454 
10506 	 185.752 	 0.111088 
10507 	 196.462 	 0.108439 
10508 	 191.515 	 0.113582 
10509 	 187.496 	 0.102107 
10510 	 182.899 	 0.0938977 
10511 	 187.069 	 0.0972064 
10512 	 196.207 	 0.0890004 
10513 	 191.565 	 0.0912857 
10514 	 197.353 	 0.0930003 
10515 	 173.984 	 0.0829285 
10516 	 195.326 	 0.0863247 
10517 	 173.187 	 0.0830425 
10518 	 185.191 	 0.0914392 
10519 	 190.585 	 0.0886225 
10520 	 206.483 	 0.0968895 
10521 	 184.148 	 0.103585 
10522 	 196.162 	 0.0962815 
10523 	 184.515 	 0.10083 
10524 	 179.524 	 0.0969977 
10525 	 195.61 	 0.107137 
10526 	 183.791 	 0.103154 
10527 	 188.145 	 0.109932 
10528 	 207.87 	 0.10702 
10529 	 191.39 	 0.106872 
10530 	 182.843 	 0.116462 
10531 	 185.94 	 0.10877 
10600 	 149.523 	 0.0955703 
10601 	 151.415 	 0.0965423 
10602 	 148.188 	 0.0937649 
10603 	 161.529 	 0.1042 
10604 	 142.811 	 0.0989705 
10605 	 139.197 	 0.097387 
10606 	 152.833 	 0.0963596 
10607 	 140.249 	 0.0920331 
10608 	 141.902 	 0.0931856 
10609 	 157.902 	 0.0962438 
10610 	 142.064 	 0.0894573 
10611 	 143.424 	 0.0860722 
10612 	 152.314 	 0.085445 
10613 	 145.144 	 0.0845177 
10614 	 147.882 	 0.0847175 
10615 	 135.978 	 0.083475 
10616 	 157.892 	 0.0852157 
10617 	 164.857 	 0.0874149 
10618 	 145.039 	 0.0869454 
10619 	 146.528 	 0.0840322 
10620 	 142.012 	 0.0899399 
10621 	 142.77 	 0.0895635 
10622 	 138.882 	 0.0963877 
10623 	 145.203 	 0.0935551 
10624 	 136.05 	 0.0970396 
10625 	 125.239 	 0.101509 
10626 	 137.997 	 0.0982834 
10627 	 135.153 	 0.099826 
10628 	 121.658 	 0.0985743 
10629 	 132.572 	 0.0996928 
10630 	 119.853 	 0.107854 
10631 	 143.249 	 0.098363 
10700 	 161.025 	 0.103549 
10701 	 165.446 	 0.0960069 
10702 	 172.178 	 0.0920691 
10703 	 170.739 	 0.104845 
10704 	 158.556 	 0.100394 
10705 	 151.702 	 0.100575 
10706 	 140.734 	 0.100384 
10707 	 171.178 	 0.0967461 
10708 	 154.934 	 0.101619 
10709 	 148.528 	 0.0928059 
10710 	 159.662 	 0.0932013 
10711 	 145.172 	 0.0886149 
10712 	 146.58 	 0.0852238 
10713 	 142.655 	 0.0860139 
10714 	 157.567 	 0.0855532 
10715 	 128.778 	 0.087994 
10716 	 146.425 	 0.0843723 
10717 	 151.537 	 0.08466 
10718 	 162.84 	 0.0835368 
10719 	 136.691 	 0.0857194 
10720 	 153.827 	 0.0895375 
10721 	 139.598 	 0.0925473 
10722 	 150.152 	 0.0977536 
10723 	 156.853 	 0.0989779 
10724 	 166.372 	 0.0992031 
10725 	 141.969 	 0.0945409 
10726 	 129.414 	 0.102045 
10727 	 157.811 	 0.109132 
10728 	 149.597 	 0.100443 
10729 	 141.678 	 0.108078 
10730 	 141.407 	 0.104077 
10731 	 139.269 	 0.104844 
10800 	 152.424 	 0.0971995 
10801 	 180.873 	 0.09177 
10802 	 153.596 	 0.0994156 
10803 	 164.681 	 0.104917 
10804 	 174.376 	 0.101084 
10805 	 159.797 	 0.102292 
10806 	 174.937 	 0.096072 
10807 	 163.586 	 0.0972461 
10808 	 177.471 	 0.093525 
10809 	 175.892 	 0.0972324 
10810 	 182.186 	 0.0887475 
10811 	 167.654 	 0.0884138 
10812 	 184.737 	 0.082856 
10813 	 176.276 	 0.0834569 
10814 	 167.899 	 0.082065 
10815 	 156.334 	 0.0865262 
10816 	 172.497 	 0.0834728 
10817 	 156.261 	 0.0856829 
10818 	 159.836 	 0.100238 
10819 	 149.293 	 0.0866011 
10820 	 160.667 	 0.0935269 
10821 	 162.051 	 0.0951431 
10822 	 153.856 	 0.0924986 
10823 	 163.2 	 0.0977846 
10824 	 183.172 	 0.090644 
10825 	 153.33 	 0.100701 
10826 	 147.547 	 0.0974705 
10827 	 177.24 	 0.0926323 
10828 	 153.079 	 0.101038 
10829 	 153.269 	 0.102864 
10830 	 151.338 	 0.0999208 
10831 	 170.201 	 0.0975511 
10900 	 168.491 	 0.321789 
10901 	 169.812 	 0.316904 
10902 	 157.571 	 0.364415 
10903 	 178.121 	 0.321001 
10904 	 173.666 	 0.324344 
10905 	 158.59 	 0.367074 
10906 	 171.601 	 0.351634 
10907 	 171.177 	 0.32771 
10908 	 171.212 	 0.350994 
10909 	 155.544 	 0.394463 
10910 	 156.701 	 0.310101 
10911 	 165.085 	 0.294438 
10912 	 171.694 	 0.328403 
10913 	 169.312 	 0.354055 
10914 	 162.701 	 0.355945 
10915 	 156.46 	 0.407353 
10916 	 158.729 	 0.427877 
10917 	 159.645 	 0.403697 
10918 	 153.957 	 0.338182 
10919 	 154.845 	 0.397671 
10920 	 160.878 	 0.345062 
10921 	 163.426 	 0.386278 
10922 	 162.849 	 0.375037 
10923 	 158.862 	 0.391098 
10924 	 163.315 	 0.304604 
10925 	 147.907 	 0.332539 
10926 	 152.069 	 0.332266 
10927 	 163.477 	 0.327596 
10928 	 166.644 	 0.346058 
10929 	 176.382 	 0.274448 
10930 	 153.465 	 0.354447 
10931 	 157.302 	 0.333209 
11100 	 182.193 	 0.0982886 
11101 	 183.06 	 0.110344 
11102 	 179.33 	 0.0987095 
11103 	 161.783 	 0.0970468 
11104 	 180.544 	 0.0998819 
11105 	 173.714 	 0.0953044 
11106 	 176.309 	 0.0951934 
11107 	 169.927 	 0.0967356 
11108 	 162.848 	 0.0939822 
11109 	 181.953 	 0.0925007 
11110 	 155.009 	 0.0895693 
11111 	 174.936 	 0.0855293 
11112 	 170.644 	 0.0861794 
11113 	 155.472 	 0.0839667 
11114 	 170.062 	 0.0798262 
11115 	 156.369 	 0.0822295 
11116 	 168.715 	 0.0824868 
11117 	 160.187 	 0.0891316 
11118 	 162.013 	 0.0821955 
11119 	 159.945 	 0.0913764 
11120 	 169.516 	 0.0893857 
11121 	 171.999 	 0.0922663 
11122 	 147.544 	 0.0910143 
11123 	 150.967 	 0.0924091 
11124 	 156.687 	 0.0970222 
11125 	 163.442 	 0.0982495 
11126 	 159.037 	 0.104684 
11127 	 170.21 	 0.0992242 
11128 	 149.403 	 0.102978 
11129 	 152.417 	 0.102273 
11130 	 172.725 	 0.0940414 
11131 	 163.574 	 0.101726 
11200 	 181.225 	 0.113885 
11201 	 195.301 	 0.113893 
11202 	 202.764 	 0.125688 
11203 	 175.602 	 0.112323 
11204 	 187.921 	 0.114916 
11205 	 200.716 	 0.115815 
11206 	 192.022 	 0.118841 
11207 	 194.933 	 0.114331 
11208 	 194.802 	 0.104452 
11209 	 201.846 	 0.109972 
11210 	 182.333 	 0.0964868 
11211 	 194.725 	 0.098425 
11212 	 193.379 	 0.0911044 
11213 	 175.326 	 0.095873 
11214 	 183.238 	 0.0967704 
11215 	 196.778 	 0.0955183 
11216 	 193.808 	 0.0974676 
11217 	 188.551 	 0.0932734 
11218 	 173.21 	 0.10003 
11219 	 187.135 	 0.0959471 
11220 	 178.276 	 0.0990112 
11221 	 197.35 	 0.0995248 
11222 	 195.008 	 0.0998295 
11223 	 179.058 	 0.104221 
11224 	 192.248 	 0.10253 
11225 	 191.372 	 0.106521 
11226 	 190.543 	 0.106139 
11227 	 172.636 	 0.143541 
11228 	 191.324 	 0.109403 
11229 	 183.618 	 0.13521 
11230 	 193.433 	 0.109993 
11231 	 197.09 	 0.115971 
11300 	 211.524 	 0.097107 
11301 	 208.79 	 0.100498 
11302 	 218.126 	 0.0977567 
11303 	 231.019 	 0.101878 
11304 	 210.03 	 0.104817 
11305 	 207.836 	 0.0985801 
11306 	 219.224 	 0.0936404 
11307 	 208.239 	 0.086139 
11308 	 213.892 	 0.13184 
11309 	 219.039 	 0.0884734 
11310 	 214.036 	 0.0847332 
11311 	 220.738 	 0.0848539 
11312 	 212.091 	 0.0841743 
11313 	 201.783 	 0.0820217 
11314 	 217.29 	 0.0803201 
11315 	 208.128 	 0.0804185 
11316 	 204.743 	 0.0967563 
11317 	 215.242 	 0.0862074 
11318 	 218.564 	 0.0867795 
11319 	 213.173 	 0.0834718 
11320 	 198.927 	 0.0846547 
11321 	 210.851 	 0.0859669 
11322 	 222.009 	 0.0909075 
11323 	 212.329 	 0.0912219 
11324 	 203.201 	 0.093303 
11325 	 221.813 	 0.0995898 
11326 	 197.757 	 0.102463 
11327 	 201.447 	 0.0869966 
11328 	 202.541 	 0.0985577 
11329 	 203.043 	 0.105508 
11330 	 208.704 	 0.114959 
11331 	 217.774 	 0.100943 
11400 	 114.502 	 0.102727 
11401 	 143.337 	 0.100323 
11402 	 136.57 	 0.100627 
11403 	 136.515 	 0.108803 
11404 	 149.984 	 0.105504 
11405 	 124.994 	 0.0965498 
11406 	 130.899 	 0.099958 
11407 	 144.976 	 0.100374 
11408 	 107.39 	 0.0962142 
11409 	 139.658 	 0.0965502 
11410 	 132.587 	 0.095154 
11411 	 149.51 	 0.0930228 
11412 	 127.895 	 0.0877903 
11413 	 145.285 	 0.0896997 
11414 	 124.163 	 0.0904027 
11415 	 119.695 	 0.088511 
11416 	 134.259 	 0.0876059 
11417 	 122.163 	 0.0910358 
11418 	 121.282 	 0.0857079 
11419 	 134.416 	 0.0908672 
11420 	 135.355 	 0.0907299 
11421 	 129.511 	 0.0971708 
11422 	 129.341 	 0.0926898 
11423 	 127.841 	 0.0993408 
11424 	 127.277 	 0.0959847 
11425 	 131.461 	 0.0995868 
11426 	 132.65 	 0.0962936 
11427 	 118.522 	 0.0998556 
11428 	 143.541 	 0.102811 
11429 	 131.837 	 0.105504 
11430 	 107.996 	 0.0970989 
11431 	 143.029 	 0.101918 
11500 	 125.973 	 0.111107 
11501 	 143.991 	 0.10477 
11502 	 136.898 	 0.101165 
11503 	 148.619 	 0.104071 
11504 	 124.208 	 0.10634 
11505 	 156.528 	 0.110552 
11506 	 125.814 	 0.103721 
11507 	 136.419 	 0.112888 
11508 	 146.94 	 0.108013 
11509 	 159.481 	 0.0999164 
11510 	 133.53 	 0.0952443 
11511 	 136.976 	 0.0921493 
11512 	 140.763 	 0.0963984 
11513 	 139.756 	 0.0918077 
11514 	 129.326 	 0.0910825 
11515 	 137.277 	 0.0903961 
11516 	 149.734 	 0.0917218 
11517 	 135.218 	 0.093028 
11518 	 130.423 	 0.089818 
11519 	 140.675 	 0.0923065 
11520 	 133.336 	 0.0954888 
11521 	 135.321 	 0.0967911 
11522 	 138.795 	 0.0992037 
11523 	 129.072 	 0.0988047 
11524 	 137.657 	 0.100837 
11525 	 134.26 	 0.103972 
11526 	 140.39 	 0.0996927 
11527 	 117.424 	 0.100753 
11528 	 144.702 	 0.103557 
11529 	 139.859 	 0.103204 
11530 	 134.702 	 0.103588 
11531 	 119.06 	 0.099033 
11600 	 225.224 	 0.1051 
11601 	 225.685 	 0.0955177 
11602 	 232.884 	 0.0958286 
11603 	 232.33 	 0.0999959 
11604 	 231.588 	 0.100924 
11605 	 227.238 	 0.0983024 
11606 	 232.361 	 0.0921729 
11607 	 226.357 	 0.095261 
11608 	 228.127 	 0.098289 
11609 	 225.272 	 0.0890701 
11610 	 231.595 	 0.0875427 
11611 	 213.532 	 0.0887388 
11612 	 244.384 	 0.0866742 
11613 	 236.865 	 0.0810566 
11614 	 215.974 	 0.0863031 
11615 	 222.324 	 0.0836578 
11616 	 223.482 	 0.0859601 
11617 	 236.956 	 0.0828994 
11618 	 230.73 	 0.0879678 
11619 	 230.199 	 0.0878018 
11620 	 220.83 	 0.0879201 
11621 	 226.59 	 0.0892341 
11622 	 230.408 	 0.0968053 
11623 	 241.299 	 0.0939055 
11624 	 227.635 	 0.0993376 
11625 	 210.843 	 0.0953622 
11626 	 231.448 	 0.09822 
11627 	 239.635 	 0.0985719 
11628 	 228.922 	 0.0961966 
11629 	 233.862 	 0.0982162 
11630 	 223.907 	 0.0983772 
11631 	 216.882 	 0.0960638 
11700 	 192.924 	 0.0906057 
11701 	 198.69 	 0.0956702 
11702 	 199.598 	 0.0902189 
11703 	 190.831 	 0.0919126 
11704 	 217.518 	 0.0939046 
11705 	 217.399 	 0.0949577 
11706 	 206.529 	 0.0896521 
11707 	 206.352 	 0.0888552 
11708 	 206.364 	 0.0888909 
11709 	 214.733 	 0.0878828 
11710 	 219.408 	 0.083669 
11711 	 213.447 	 0.0806591 
11712 	 185.752 	 0.0791688 
11713 	 202.209 	 0.0819923 
11714 	 197.362 	 0.0758595 
11715 	 201.923 	 0.0809405 
11716 	 202.341 	 0.0796907 
11717 	 204.367 	 0.0826298 
11718 	 217.404 	 0.0839942 
11719 	 198.859 	 0.0786952 
11720 	 197.913 	 0.0843 
11721 	 203.973 	 0.0863918 
11722 	 217.351 	 0.0859083 
11723 	 216.382 	 0.0962903 
11724 	 198.074 	 0.0916479 
11725 	 196.507 	 0.0960233 
11726 	 193.71 	 0.089395 
11727 	 200.976 	 0.0938766 
11728 	 178.822 	 0.0987927 
11729 	 186.888 	 0.0915569 
11730 	 203.139 	 0.0950528 
11731 	 206.143 	 0.0891272 
11800 	 125.021 	 0.0837602 
11801 	 123.94 	 0.0846226 
11802 	 141.098 	 0.0849144 
11803 	 138.871 	 0.088557 
11804 	 103.318 	 0.0844512 
11805 	 137.994 	 0.0833195 
11806 	 128.549 	 0.0868454 
11807 	 140.329 	 0.081952 
11808 	 140.077 	 0.0802492 
11809 	 129.982 	 0.0803832 
11810 	 124.695 	 0.0771101 
11811 	 137.749 	 0.0774739 
11812 	 141.502 	 0.0764834 
11813 	 128.343 	 0.0727243 
11814 	 131.508 	 0.0736852 
11815 	 131.699 	 0.0718674 
11816 	 123.589 	 0.0712587 
11817 	 117.273 	 0.0709137 
11818 	 136.403 	 0.0736258 
11819 	 133.658 	 0.0753033 
11820 	 121.798 	 0.0761294 
11821 	 118.917 	 0.0797347 
11822 	 131.11 	 0.0792874 
11823 	 129.196 	 0.0844884 
11824 	 128.707 	 0.0857696 
11825 	 128.872 	 0.0828526 
11826 	 118.317 	 0.0861806 
11827 	 121.028 	 0.0871228 
11828 	 116.785 	 0.0845417 
11829 	 134.512 	 0.0927279 
11830 	 129.689 	 0.0866083 
11831 	 116.998 	 0.0834542 
11900 	 130.182 	 0.0958637 
11901 	 155.278 	 0.0931255 
11902 	 146.452 	 0.0968141 
11903 	 164.004 	 0.09744 
11904 	 157.173 	 0.0958648 
11905 	 157.137 	 0.0946142 
11906 	 161.728 	 0.0965431 
11907 	 158.967 	 0.0935875 
11908 	 167.363 	 0.0890659 
11909 	 165.797 	 0.0876728 
11910 	 151.08 	 0.0870407 
11911 	 171.956 	 0.0811853 
11912 	 164.571 	 0.080624 
11913 	 152.217 	 0.0802877 
11914 	 149.26 	 0.0825524 
11915 	 151.457 	 0.0821081 
11916 	 163.917 	 0.0816412 
11917 	 154.788 	 0.083335 
11918 	 154.762 	 0.0808355 
11919 	 149.543 	 0.0825879 
11920 	 155.482 	 0.0867601 
11921 	 134.799 	 0.0964907 
11922 	 156.343 	 0.0915971 
11923 	 156.93 	 0.0904123 
11924 	 147.88 	 0.0887963 
11925 	 149.702 	 0.0899983 
11926 	 144.307 	 0.0932644 
11927 	 167.227 	 0.0973029 
11928 	 137.941 	 0.0993449 
11929 	 153.851 	 0.0953899 
11930 	 163.363 	 0.0941969 
11931 	 155.019 	 0.100159 
12000 	 162.322 	 0.11774 
12001 	 196.266 	 0.11628 
12002 	 191.655 	 0.112517 
12003 	 180.197 	 0.138167 
12004 	 188.597 	 0.119558 
12005 	 181.506 	 0.130198 
12006 	 190.093 	 0.122956 
12007 	 177.978 	 0.119637 
12008 	 176.11 	 0.110328 
12009 	 169.22 	 0.119258 
12010 	 184.828 	 0.105157 
12011 	 186.576 	 0.0935469 
12012 	 168.546 	 0.103823 
12013 	 187.084 	 0.0971725 
12014 	 185.123 	 0.0957191 
12015 	 175.141 	 0.0989045 
12016 	 167.309 	 0.10523 
12017 	 184.301 	 0.100088 
12018 	 172.847 	 0.114025 
12019 	 169.699 	 0.103743 
12020 	 178.08 	 0.100045 
12021 	 173.829 	 0.108206 
12022 	 184.823 	 0.104663 
12023 	 168.808 	 0.119379 
12024 	 169.169 	 0.11764 
12025 	 159.354 	 0.123531 
12026 	 169.67 	 0.122714 
12027 	 175.076 	 0.121411 
12028 	 175.314 	 0.112366 
12029 	 172.319 	 0.11283 
12030 	 176.764 	 0.112966 
12031 	 159.513 	 0.130292 
12100 	 179.82 	 0.0913439 
12101 	 186.653 	 0.0950624 
12102 	 188.797 	 0.0995899 
12103 	 163.145 	 0.104254 
12104 	 165.77 	 0.103141 
12105 	 173.648 	 0.0983247 
12106 	 192.917 	 0.096902 
12107 	 193.428 	 0.0995327 
12108 	 193.199 	 0.101426 
12109 	 160.313 	 0.0994641 
12110 	 184.879 	 0.0831649 
12111 	 174.815 	 0.0843785 
12112 	 195.971 	 0.0881927 
12113 	 167.599 	 0.0870556 
12114 	 200.054 	 0.0811555 
12115 	 156.997 	 0.0859693 
12116 	 163.069 	 0.0885841 
12117 	 170.292 	 0.0836696 
12118 	 174.645 	 0.0805337 
12119 	 175.818 	 0.0811771 
12120 	 174.223 	 0.0857318 
12121 	 184.002 	 0.090975 
12122 	 174.49 	 0.0903379 
12123 	 177.081 	 0.091104 
12124 	 177.336 	 0.0956797 
12125 	 200.453 	 0.0948036 
12126 	 177.381 	 0.0981001 
12127 	 169.974 	 0.0973856 
12128 	 180.493 	 0.0930394 
12129 	 155.351 	 0.101437 
12130 	 182.37 	 0.0970624 
12131 	 166.567 	 0.103295 
12300 	 185.007 	 0.0990445 
12301 	 203.674 	 0.100539 
12302 	 195.022 	 0.10372 
12303 	 187.488 	 0.10383 
12304 	 183.247 	 0.102924 
12305 	 192.021 	 0.104339 
12306 	 199.511 	 0.104328 
12307 	 189.57 	 0.0982969 
12308 	 210.007 	 0.106258 
12309 	 195.34 	 0.0958199 
12310 	 192.762 	 0.0904315 
12311 	 194.008 	 0.0890668 
12312 	 186.862 	 0.0856066 
12313 	 186.411 	 0.0857336 
12314 	 207.479 	 0.0874048 
12315 	 204.76 	 0.0876023 
12316 	 188.311 	 0.0846386 
12317 	 180.163 	 0.0839737 
12318 	 175.74 	 0.0875081 
12319 	 187.272 	 0.0846731 
12320 	 193.731 	 0.0923215 
12321 	 191.697 	 0.0923275 
12322 	 185.754 	 0.0963575 
12323 	 189.7 	 0.0967264 
12324 	 179.942 	 0.0971228 
12325 	 202.623 	 0.103949 
12326 	 180.016 	 0.102034 
12327 	 196.553 	 0.10546 
12328 	 183.021 	 0.104206 
12329 	 189.824 	 0.114082 
12330 	 177.957 	 0.104621 
12331 	 192.243 	 0.102146 
12400 	 193.793 	 0.112089 
12401 	 179.51 	 0.113008 
12402 	 192.754 	 0.116515 
12403 	 202.823 	 0.114353 
12404 	 194.221 	 0.117721 
12405 	 189.695 	 0.114442 
12406 	 189.269 	 0.112471 
12407 	 217.389 	 0.113849 
12408 	 195.275 	 0.117069 
12409 	 205.443 	 0.114533 
12410 	 202.087 	 0.106793 
12411 	 186.782 	 0.099883 
12412 	 201.589 	 0.0995225 
12413 	 194.354 	 0.10059 
12414 	 192.991 	 0.093258 
12415 	 192.08 	 0.0909497 
12416 	 187.267 	 0.0952547 
12417 	 186.555 	 0.0971395 
12418 	 174.757 	 0.099122 
12419 	 188.246 	 0.0981473 
12420 	 190.756 	 0.10271 
12421 	 180.962 	 0.102553 
12422 	 173.62 	 0.107227 
12423 	 182.383 	 0.112728 
12424 	 189.087 	 0.111498 
12425 	 185.933 	 0.111003 
12426 	 174.532 	 0.111766 
12427 	 163.073 	 0.116423 
12428 	 175.701 	 0.112045 
12429 	 189.336 	 0.139145 
12430 	 176.416 	 0.114271 
12431 	 163.632 	 0.118493 
12500 	 175.55 	 0.124739 
12501 	 186.263 	 0.123551 
12502 	 188.207 	 0.124765 
12503 	 191.891 	 0.128243 
12504 	 191.203 	 0.129632 
12505 	 170.191 	 0.130282 
12506 	 184.883 	 0.130886 
12507 	 171.117 	 0.117855 
12508 	 175.276 	 0.117097 
12509 	 179.958 	 0.118835 
12510 	 180.93 	 0.11509 
12511 	 177.729 	 0.10898 
12512 	 190.073 	 0.112773 
12513 	 198.972 	 0.113312 
12514 	 184.271 	 0.107905 
12515 	 177.971 	 0.104558 
12516 	 176.801 	 0.106441 
12517 	 175.679 	 0.104872 
12518 	 182.493 	 0.108612 
12519 	 179.502 	 0.111681 
12520 	 176.398 	 0.113551 
12521 	 182.819 	 0.11021 
12522 	 168.952 	 0.117684 
12523 	 173.535 	 0.11789 
12524 	 183.319 	 0.115568 
12525 	 185.225 	 0.126642 
12526 	 163.62 	 0.12017 
12527 	 169.86 	 0.129994 
12528 	 167.726 	 0.132141 
12529 	 180.521 	 0.133519 
12530 	 170.408 	 0.122138 
12531 	 186.037 	 0.122483 
12600 	 120.015 	 0.104077 
12601 	 125.605 	 0.109827 
12602 	 115.244 	 0.121749 
12603 	 111.003 	 0.108898 
12604 	 119.808 	 0.113347 
12605 	 106.931 	 0.118859 
12606 	 116.344 	 0.104209 
12607 	 123.806 	 0.102649 
12608 	 118.529 	 0.103018 
12609 	 130.369 	 0.104536 
12610 	 110.268 	 0.0963358 
12611 	 106.661 	 0.0969906 
12612 	 116.82 	 0.0908549 
12613 	 104.153 	 0.090651 
12614 	 115.469 	 0.0971536 
12615 	 115.844 	 0.0920485 
12616 	 125.066 	 0.0941698 
12617 	 99.6754 	 0.0975573 
12618 	 115.244 	 0.0875876 
12619 	 115.081 	 0.0929684 
12620 	 115.742 	 0.0953218 
12621 	 109.571 	 0.100089 
12622 	 129.149 	 0.105435 
12623 	 106.444 	 0.120535 
12624 	 110.702 	 0.100994 
12625 	 110.91 	 0.104899 
12626 	 106 	 0.110011 
12627 	 97.3792 	 0.111403 
12628 	 118.159 	 0.107185 
12629 	 109.054 	 0.116284 
12630 	 107.523 	 0.109581 
12631 	 121.547 	 0.106175 
12700 	 132.249 	 0.130866 
12701 	 120.732 	 0.132206 
12702 	 129.771 	 0.131449 
12703 	 123.045 	 0.13569 
12704 	 126.42 	 0.13792 
12705 	 119.892 	 0.129527 
12706 	 120.003 	 0.128034 
12707 	 135.3 	 0.125892 
12708 	 128.996 	 0.124815 
12709 	 132.446 	 0.122679 
12710 	 118.508 	 0.124838 
12711 	 129.691 	 0.113472 
12712 	 122.746 	 0.109596 
12713 	 118.332 	 0.107237 
12714 	 115.574 	 0.108518 
12715 	 114.173 	 0.110817 
12716 	 113.888 	 0.108407 
12717 	 113.887 	 0.116379 
12718 	 130.123 	 0.114328 
12719 	 111.284 	 0.111259 
12720 	 115.612 	 0.115663 
12721 	 143.247 	 0.12065 
12722 	 113.913 	 0.126494 
12723 	 116.958 	 0.121827 
12724 	 108.821 	 0.1275 
12725 	 120.363 	 0.125509 
12726 	 90.3873 	 0.134109 
12727 	 108.632 	 0.128246 
12728 	 130.054 	 0.130397 
12729 	 116.187 	 0.129625 
12730 	 106.259 	 0.145396 
12731 	 116.351 	 0.142572 
12800 	 282.529 	 0.115649 
12801 	 286.444 	 0.10927 
12802 	 313.518 	 0.125378 
12803 	 293.964 	 0.118717 
12804 	 300.044 	 0.132215 
12805 	 292.267 	 0.121412 
12806 	 290.214 	 0.116189 
12807 	 295.089 	 0.111961 
12808 	 291.725 	 0.113661 
12809 	 289.481 	 0.103686 
12810 	 288.653 	 0.105999 
12811 	 290.839 	 0.104174 
12812 	 277.811 	 0.0972262 
12813 	 287.74 	 0.0988844 
12814 	 277.973 	 0.0934023 
12815 	 279.502 	 0.096396 
12816 	 280.162 	 0.095285 
12817 	 304.123 	 0.0943421 
12818 	 290.121 	 0.0926055 
12819 	 278.053 	 0.0952332 
12820 	 288.915 	 0.101445 
12821 	 287.706 	 0.107551 
12822 	 291.761 	 0.106287 
12823 	 299.43 	 0.112041 
12824 	 285.174 	 0.116114 
12825 	 279.351 	 0.115422 
12826 	 289.778 	 0.111897 
12827 	 282.191 	 0.114499 
12828 	 288.641 	 0.122793 
12829 	 284.656 	 0.118983 
12830 	 279.46 	 0.114431 
12831 	 271.229 	 0.110138 
12900 	 213.563 	 0.163629 
12901 	 234.388 	 0.126625 
12902 	 230.76 	 0.130344 
12903 	 233.854 	 0.131654 
12904 	 238.938 	 0.128913 
12905 	 204.72 	 0.125143 
12906 	 229.548 	 0.12912 
12907 	 212.582 	 0.121288 
12908 	 227.739 	 0.125674 
12909 	 229.461 	 0.122378 
12910 	 228.908 	 0.120755 
12911 	 226.978 	 0.119598 
12912 	 198.48 	 0.107793 
12913 	 218.229 	 0.110896 
12914 	 217.224 	 0.113532 
12915 	 228.502 	 0.109887 
12916 	 230.135 	 0.11151 
12917 	 241.406 	 0.113193 
12918 	 222.725 	 0.113899 
12919 	 225.026 	 0.115422 
12920 	 228.592 	 0.11807 
12921 	 224.795 	 0.120102 
12922 	 228.44 	 0.123065 
12923 	 212.188 	 0.124052 
12924 	 231.771 	 0.137191 
12925 	 205.871 	 0.120785 
12926 	 218.69 	 0.127905 
12927 	 225.406 	 0.133025 
12928 	 215.887 	 0.148255 
12929 	 219.009 	 0.135966 
12930 	 212.762 	 0.12796 
12931 	 204.267 	 0.129351 
19500 	 155.985 	 0.152838 
19501 	 162.48 	 0.142614 
19502 	 156.596 	 0.132384 
19503 	 160.711 	 0.147542 
19504 	 173.337 	 0.144743 
19505 	 165.012 	 0.138844 
19506 	 176.996 	 0.13441 
19507 	 167.749 	 0.134872 
19508 	 153.216 	 0.136614 
19509 	 159.117 	 0.140662 
19510 	 153.857 	 0.134818 
19511 	 151.026 	 0.1213 
19512 	 159.577 	 0.130103 
19513 	 158.953 	 0.125112 
19514 	 168.913 	 0.121944 
19515 	 151.771 	 0.116761 
19516 	 159.9 	 0.120599 
19517 	 159.69 	 0.124911 
19518 	 145.525 	 0.127631 
19519 	 168.426 	 0.122043 
19520 	 168.156 	 0.137761 
19521 	 155.976 	 0.130647 
19522 	 158.845 	 0.13869 
19523 	 154.665 	 0.127604 
19524 	 161.313 	 0.133098 
19525 	 167.344 	 0.133105 
19526 	 147.162 	 0.137115 
19527 	 176.207 	 0.134247 
19528 	 165.045 	 0.142498 
19529 	 154.465 	 0.147578 
19530 	 161.626 	 0.143597 
19531 	 157.465 	 0.137139 
